SUN397:83.1699099914517%
Cars:90.7101106827509%
RESISC45:96.77777777777777%
EuroSAT:99.70370370370371%
SVHN:97.94483712354027%
GTSRB:99.09738717339668%
MNIST:99.69%
DTD:82.7127659574468%
Avg ACC:93.72581155125849%
