SUN397:78.57394277668828%
Cars:82.63897525183435%
RESISC45:95.46031746031746%
EuroSAT:99.18518518518519%
SVHN:97.63368162261831%
GTSRB:98.82818685669041%
MNIST:99.62%
DTD:78.29787234042553%
Avg ACC:91.27977018671994%
