SUN397:75.19987931814754%
Cars:72.75214525556522%
RESISC45:93.4920634920635%
EuroSAT:99.51851851851852%
SVHN:96.8577135832821%
GTSRB:98.12351543942994%
MNIST:99.58%
DTD:74.36170212765958%
Avg ACC:88.73569221683331%
